<?xml version="1.0"?>
<opencv_storage>
<CornersAmount>48</CornersAmount>
<Corner_0>
  398 410</Corner_0>
<Corner_1>
  397 398</Corner_1>
<Corner_2>
  396 388</Corner_2>
<Corner_3>
  395 378</Corner_3>
<Corner_4>
  394 367</Corner_4>
<Corner_5>
  393 357</Corner_5>
<Corner_6>
  392 350</Corner_6>
<Corner_7>
  391 341</Corner_7>
<Corner_8>
  416 409</Corner_8>
<Corner_9>
  415 398</Corner_9>
<Corner_10>
  413 388</Corner_10>
<Corner_11>
  411 377</Corner_11>
<Corner_12>
  410 367</Corner_12>
<Corner_13>
  409 358</Corner_13>
<Corner_14>
  408 350</Corner_14>
<Corner_15>
  407 342</Corner_15>
<Corner_16>
  435 410</Corner_16>
<Corner_17>
  432 399</Corner_17>
<Corner_18>
  430 387</Corner_18>
<Corner_19>
  429 376</Corner_19>
<Corner_20>
  427 367</Corner_20>
<Corner_21>
  425 358</Corner_21>
<Corner_22>
  423 350</Corner_22>
<Corner_23>
  422 342</Corner_23>
<Corner_24>
  453 409</Corner_24>
<Corner_25>
  451 398</Corner_25>
<Corner_26>
  448 386</Corner_26>
<Corner_27>
  445 376</Corner_27>
<Corner_28>
  443 368</Corner_28>
<Corner_29>
  441 358</Corner_29>
<Corner_30>
  438 350</Corner_30>
<Corner_31>
  437 341</Corner_31>
<Corner_32>
  471 409</Corner_32>
<Corner_33>
  467 398</Corner_33>
<Corner_34>
  464 387</Corner_34>
<Corner_35>
  461 376</Corner_35>
<Corner_36>
  459 367</Corner_36>
<Corner_37>
  456 358</Corner_37>
<Corner_38>
  453 350</Corner_38>
<Corner_39>
  451 341</Corner_39>
<Corner_40>
  488 407</Corner_40>
<Corner_41>
  484 396</Corner_41>
<Corner_42>
  481 386</Corner_42>
<Corner_43>
  477 376</Corner_43>
<Corner_44>
  475 367</Corner_44>
<Corner_45>
  471 358</Corner_45>
<Corner_46>
  468 350</Corner_46>
<Corner_47>
  466 341</Corner_47>
</opencv_storage>
