<?xml version="1.0"?>
<opencv_storage>
<CornersAmount>48</CornersAmount>
<Corner_0>
  242 355</Corner_0>
<Corner_1>
  257 356</Corner_1>
<Corner_2>
  272 356</Corner_2>
<Corner_3>
  286 356</Corner_3>
<Corner_4>
  301 357</Corner_4>
<Corner_5>
  317 357</Corner_5>
<Corner_6>
  332 358</Corner_6>
<Corner_7>
  347 358</Corner_7>
<Corner_8>
  240 363</Corner_8>
<Corner_9>
  255 364</Corner_9>
<Corner_10>
  271 364</Corner_10>
<Corner_11>
  286 365</Corner_11>
<Corner_12>
  302 365</Corner_12>
<Corner_13>
  317 365</Corner_13>
<Corner_14>
  332 366</Corner_14>
<Corner_15>
  348 366</Corner_15>
<Corner_16>
  238 373</Corner_16>
<Corner_17>
  253 372</Corner_17>
<Corner_18>
  269 374</Corner_18>
<Corner_19>
  285 374</Corner_19>
<Corner_20>
  300 374</Corner_20>
<Corner_21>
  317 374</Corner_21>
<Corner_22>
  333 375</Corner_22>
<Corner_23>
  349 374</Corner_23>
<Corner_24>
  235 381</Corner_24>
<Corner_25>
  252 380</Corner_25>
<Corner_26>
  267 382</Corner_26>
<Corner_27>
  284 383</Corner_27>
<Corner_28>
  300 382</Corner_28>
<Corner_29>
  317 383</Corner_29>
<Corner_30>
  333 384</Corner_30>
<Corner_31>
  349 383</Corner_31>
<Corner_32>
  234 391</Corner_32>
<Corner_33>
  250 391</Corner_33>
<Corner_34>
  267 390</Corner_34>
<Corner_35>
  283 392</Corner_35>
<Corner_36>
  300 393</Corner_36>
<Corner_37>
  317 392</Corner_37>
<Corner_38>
  333 393</Corner_38>
<Corner_39>
  351 393</Corner_39>
<Corner_40>
  232 400</Corner_40>
<Corner_41>
  248 401</Corner_41>
<Corner_42>
  265 400</Corner_42>
<Corner_43>
  282 401</Corner_43>
<Corner_44>
  299 403</Corner_44>
<Corner_45>
  317 402</Corner_45>
<Corner_46>
  335 403</Corner_46>
<Corner_47>
  352 404</Corner_47>
</opencv_storage>
